n0_l1
n0_l2
n10_l1
n10_l2
n11_l1
n11_l2
n12_l1
n12_l2
n13_l1
n13_l2
n14_l1
n14_l2
n15_l1
n15_l2
n16_l1
n16_l2
n17_l1
n17_l2
n18_l1
n18_l2
n19_l1
n19_l2
n1_l1
n1_l2
n20_l1
n20_l2
n21_l1
n21_l2
n22_l1
n22_l2
n23_l1
n23_l2
n24_l1
n24_l2
n25_l1
n25_l2
n2_l1
n2_l2
n30_l1
n30_l2
n35_l1
n35_l2
n3_l1
n3_l2
n40_l1
n40_l2
n45_l1
n45_l2
n4_l1
n4_l2
n50_l1
n5_l1
n5_l2
n6_l1
n6_l2
n7_l1
n7_l2
n8_l1
n8_l2
n9_l1
n9_l2
l=1
0  5.39997966791  88.6144839679
1  2.50974684543  2.80709278852e-30
2  1.57190002471  0.0290202248002
3  1.14054864183  0.0127381078449
4  0.894345084885  0.00562999178784
5  0.735399037366  0.00278536494822
6  0.624365886856  0.0015227534807
7  0.542438025319  0.000901540616038
8  0.479504856984  0.000568581763187
9  0.429650085797  0.000377267534596
10  0.389182234203  0.000260914529339
11  0.355679127934  0.000186748609937
12  0.327485698338  0.000137577331106
13  0.303432663464  0.000103871985429
14  0.28267052018  8.00981180015e-05
15  0.264567243094  6.29091320963e-05
16  0.248642887706  5.0209464735e-05
17  0.234526449508  4.06462125419e-05
18  0.221926618062  3.3322093083e-05
19  0.210611471479  2.76276058576e-05
20  0.200394077665  2.31397962633e-05
21  0.191122090606  1.95594747785e-05
22  0.182670105773  1.66713013281e-05
23  0.174933957165  1.43178295286e-05
24  0.167826404043  1.23822803785e-05
25  0.161273827737  1.07768947637e-05
30  0.134932207828  5.8298270433e-06
35  0.11598721428  3.49575456443e-06
40  0.101707041951  2.25916194001e-06
45  0.0905576573192  1.54521670729e-06
50  0.0816111960418  1.10481128015e-06

l=2
0  5.01264242926  55.6505804191
1  2.18033248082  5.4724353799e-27
2  1.26769979704  6.99670585507e-29
3  0.853168611591  6.10306418337
4  0.620897776466  2.37336583199e-29
5  0.474476116431  3.81574369246e-25
6  0.375052302862  9.6639484773e-28
7  0.304004950909  8.53948799631e-29
8  0.251302937172  2.33228725001e-29
9  0.211071901595  2.40711469008e-29
10  0.179650428574  6.18057747858e-30
11  0.154643947649  1.52775826446e-28
12  0.13442554553  4.20400386685e-29
13  0.117855142102  6.10534283068e-28
14  0.104113078574  9.3027399693e-29
15  0.0925971874705  1.51305095122e-30
16  0.0828568081363  1.93961343654e-29
17  0.0745491871895  3.70243373312e-28
18  0.0674099147934  4.08715663975e-30
19  0.0612324247654  2.07140548498e-29
20  0.0558534991436  7.30208458694e-28
21  0.0511428402465  2.28658706035e-30
22  0.0469954528313  2.66765243486e-28
23  0.0433260018756  7.9568832312e-32
24  0.0400645812132  8.49134715887e-29
25  0.0371535040141  1.90909276829e-28
30  0.0264217041736  1.46975013081e-29
35  0.0197210947865  3.37008784691e-29
40  0.0152679355611  2.02476001389e-28
45  0.0121627697498  3.99340979509e-23
[ 0  1  2  3  4  5  6  7  8  9 10 11 12 13 14 15 16 17 18 19 20 21 22 23 24
 25 30 35 40 45]
